// Esecuzione locale 11,204 secondi

(0006641040,[(2008,4.0), (2004,4.0), (2003,5.0), (2011,4.0), (2005,3.0), (2009,5.0), (2010,5.0), (2012,4.0), (2007,4.0)])
(141278509X,[(2012,5.0)])
(2734888454,[(2007,3.0)])
(2841233731,[(2012,5.0)])
(7310172001,[(2012,4.0), (2009,4.0), (2005,3.0), (2010,4.0), (2011,4.0), (2007,4.0), (2006,5.0), (2008,4.0)])
(7310172101,[(2010,4.0), (2008,4.0), (2009,4.0), (2005,3.0), (2007,4.0), (2011,4.0), (2006,5.0), (2012,4.0)])
(7800648702,[(2012,4.0)])
(9376674501,[(2011,5.0)])
(B00002N8SM,[(2007,2.0), (2012,1.0), (2009,2.0), (2010,1.0), (2011,2.0), (2008,1.0)])
(B00002NCJC,[(2010,4.0)])
(B00004CI84,[(2009,4.0), (2008,4.0), (2012,4.0), (2006,4.0), (2011,4.0), (2007,4.0), (2004,4.0), (2005,4.0), (2010,4.0), (2003,3.0)])
(B00004CXX9,[(2007,4.0), (2006,4.0), (2003,3.0), (2004,4.0), (2010,4.0), (2012,4.0), (2008,4.0), (2011,4.0), (2005,4.0), (2009,4.0)])
(B00004RAMS,[(2012,3.0), (2008,4.0), (2007,1.0), (2011,4.0), (2006,1.0), (2010,3.0), (2009,5.0)])
(B00004RAMV,[(2011,2.0), (2012,1.0), (2009,2.0), (2007,4.0)])
(B00004RAMX,[(2003,1.0), (2010,3.0), (2008,5.0), (2009,5.0), (2007,5.0), (2012,3.0), (2011,3.0)])
(B00004RAMY,[(2006,4.0), (2005,5.0), (2007,4.0), (2009,4.0), (2011,3.0), (2012,4.0), (2008,3.0), (2010,3.0)])
(B00004RBDU,[(2007,4.0), (2011,3.0), (2009,4.0), (2010,3.0), (2012,3.0), (2008,5.0)])
(B00004RBDW,[(2009,4.0), (2010,4.0), (2011,3.0), (2012,4.0)])
(B00004RBDZ,[(2012,3.0), (2007,5.0), (2011,3.0), (2010,4.0), (2009,4.0)])
(B00004RYGX,[(2011,4.0), (2006,4.0), (2009,4.0), (2003,3.0), (2010,4.0), (2004,4.0), (2007,4.0), (2005,4.0), (2008,4.0), (2012,4.0)])
(B00004S1C5,[(2008,3.0), (2007,4.0), (2009,4.0), (2011,4.0), (2012,3.0), (2010,4.0)])
(B00004S1C6,[(2011,4.0), (2009,4.0), (2007,5.0), (2008,4.0), (2010,4.0), (2012,4.0)])
(B000052Y74,[(2008,4.0), (2007,3.0), (2011,2.0), (2005,5.0), (2012,4.0)])
(B00005344V,[(2012,4.0), (2009,5.0), (2010,5.0), (2007,5.0), (2008,5.0), (2011,5.0)])
(B0000535LF,[(2011,5.0)])
(B0000537KC,[(2012,3.0), (2009,5.0), (2010,5.0), (2006,4.0), (2011,4.0), (2007,4.0)])
(B00005C2JE,[(2012,5.0)])
(B00005C2M2,[(2012,4.0), (2009,4.0), (2011,4.0), (2010,3.0), (2007,5.0), (2006,4.0), (2008,4.0)])
(B00005C2M3,[(2011,5.0), (2010,1.0), (2012,2.0)])
(B00005IX96,[(2012,4.0), (2009,5.0), (2011,3.0), (2007,1.0), (2003,3.0), (2008,1.0), (2004,5.0)])
(B00005IX97,[(2011,3.0), (2004,5.0), (2003,3.0), (2007,1.0), (2008,1.0), (2009,5.0), (2012,4.0)])
(B00005IX98,[(2011,3.0), (2009,5.0), (2003,3.0), (2004,5.0), (2008,1.0), (2012,4.0), (2007,1.0)])
(B00005OMWO,[(2005,5.0), (2012,4.0)])
(B00005OMWQ,[(2010,5.0), (2011,4.0), (2012,3.0), (2009,5.0), (2007,5.0)])
(B00005U2FA,[(2004,3.0), (2005,3.0), (2007,4.0), (2009,4.0), (2012,4.0), (2008,4.0), (2006,5.0), (2010,4.0), (2011,4.0), (2003,4.0)])
(B00005V3DC,[(2007,5.0), (2012,5.0)])
(B0000643LM,[(2010,5.0), (2009,5.0), (2011,5.0)])
(B0000691JF,[(2005,4.0), (2007,5.0)])
(B000069KQW,[(2008,5.0)])
(B00006FMLY,[(2011,4.0), (2012,4.0)])
(B00006G930,[(2011,3.0), (2012,2.0), (2010,2.0)])
(B00006IDJO,[(2008,1.0)])
(B00006IDJU,[(2008,4.0)])
(B00006IDK9,[(2010,5.0), (2011,3.0), (2012,5.0)])
(B00006L2ZT,[(2010,5.0), (2005,5.0)])
(B00006LL38,[(2010,3.0), (2008,4.0), (2005,5.0), (2006,4.0), (2012,3.0)])
(B00008433V,[(2007,3.0), (2012,4.0), (2006,5.0), (2011,4.0)])
(B000084346,[(2012,5.0)])
(B00008434E,[(2012,5.0)])
(B00008434F,[(2006,2.0), (2007,3.0)])
(B00008437P,[(2012,1.0), (2009,5.0)])
(B000084388,[(2008,5.0), (2007,5.0), (2009,4.0), (2011,5.0)])
(B000084DVR,[(2007,5.0), (2006,5.0)])
(B000084DWM,[(2012,4.0), (2011,4.0), (2006,3.0), (2010,2.0), (2008,1.0), (2007,4.0)])
(B000084DXS,[(2010,5.0), (2012,5.0)])
(B000084DYL,[(2006,3.0), (2008,4.0)])
(B000084E1U,[(2006,5.0)])
(B000084E66,[(2009,5.0), (2010,3.0), (2012,3.0), (2007,4.0), (2011,3.0)])
(B000084E6V,[(2012,4.0), (2010,4.0), (2007,4.0), (2006,5.0), (2008,4.0), (2011,3.0), (2009,3.0), (2005,5.0)])
(B000084E6Y,[(2006,4.0)])
(B000084E76,[(2007,4.0), (2011,3.0), (2010,1.0), (2008,5.0), (2012,3.0), (2006,4.0)])
(B000084E7R,[(2012,5.0), (2011,5.0)])
(B000084E9J,[(2012,3.0)])
(B000084E9M,[(2006,5.0), (2010,5.0), (2007,5.0), (2008,5.0), (2009,5.0)])
(B000084EA6,[(2011,5.0), (2009,5.0)])
(B000084EAD,[(2011,5.0)])
(B000084EBE,[(2010,5.0)])
(B000084EBL,[(2009,5.0)])
(B000084EBO,[(2010,5.0), (2011,5.0)])
(B000084ED0,[(2005,5.0)])
(B000084EHL,[(2010,1.0), (2007,5.0), (2011,5.0), (2009,5.0)])
(B000084EHT,[(2008,5.0), (2012,5.0)])
(B000084EHV,[(2007,5.0), (2010,5.0), (2005,5.0), (2009,1.0), (2008,5.0)])
(B000084EI0,[(2004,5.0)])
(B000084EIQ,[(2008,3.0), (2006,5.0)])
(B000084EIZ,[(2009,5.0)])
(B000084EJO,[(2011,4.0)])
(B000084EJP,[(2010,5.0), (2006,5.0), (2011,5.0)])
(B000084EJQ,[(2004,4.0)])
(B000084EJR,[(2004,4.0)])
(B000084EJS,[(2004,4.0)])
(B000084EJT,[(2004,4.0)])
(B000084EJY,[(2004,4.0), (2007,5.0)])
(B000084EK4,[(2004,3.0)])
(B000084EK5,[(2004,5.0)])
(B000084EK6,[(2004,5.0)])
(B000084EK7,[(2004,4.0)])
(B000084EK8,[(2004,3.0)])
(B000084EK9,[(2009,5.0), (2012,5.0), (2004,1.0)])
(B000084EKA,[(2004,4.0)])
(B000084EKB,[(2004,4.0)])
(B000084EKC,[(2004,5.0)])
(B000084EKD,[(2004,2.0)])
(B000084EKG,[(2007,5.0), (2004,5.0)])
(B000084EKL,[(2011,5.0)])
(B000084EKM,[(2010,4.0)])
(B000084EKO,[(2004,3.0)])
(B000084EKQ,[(2008,3.0)])
(B000084EKW,[(2005,5.0), (2008,5.0), (2006,3.0)])
(B000084EKY,[(2007,5.0), (2005,5.0), (2008,5.0), (2004,4.0)])
(B000084EL4,[(2011,5.0), (2012,3.0)])
(B000084ELB,[(2007,5.0)])
(B000084ELC,[(2007,5.0)])
(B000084ELP,[(2006,5.0)])
(B000084EOF,[(2005,5.0)])
(B000084EOH,[(2012,5.0), (2004,5.0), (2008,2.0), (2009,5.0)])
(B000084EOQ,[(2008,4.0)])
(B000084ERQ,[(2009,5.0), (2010,5.0)])
(B000084ERR,[(2011,4.0)])
(B000084ERU,[(2007,5.0)])
(B000084ERX,[(2007,5.0)])
(B000084ESM,[(2011,5.0), (2008,5.0), (2010,5.0), (2012,1.0)])
(B000084ET4,[(2011,1.0)])
(B000084ETV,[(2008,2.0), (2007,4.0), (2004,5.0), (2012,4.0), (2006,4.0), (2010,3.0), (2011,4.0), (2005,5.0), (2009,1.0)])
(B000084ETY,[(2012,3.0), (2011,3.0)])
(B000084EU0,[(2012,5.0)])
(B000084EUI,[(2009,5.0)])
(B000084EVG,[(2010,4.0), (2012,5.0)])
(B000084EVH,[(2011,5.0)])
(B000084EWU,[(2012,5.0), (2011,5.0)])
(B000084EXJ,[(2011,5.0)])
(B000084EYJ,[(2010,5.0)])
(B000084EYZ,[(2010,5.0)])
(B000084EZ4,[(2008,2.0), (2007,5.0), (2011,4.0), (2009,3.0), (2012,4.0), (2006,1.0), (2010,4.0)])
(B000084EZE,[(2007,5.0)])
(B000084F04,[(2006,4.0), (2007,3.0), (2004,5.0), (2011,3.0), (2010,3.0), (2009,3.0), (2003,3.0), (2005,2.0), (2008,3.0), (2012,3.0)])
(B000084F07,[(2012,5.0)])
(B000084F0P,[(2012,4.0), (2010,5.0)])
(B000084F10,[(2010,4.0)])
(B000084F11,[(2012,5.0)])
(B000084F1I,[(2012,3.0), (2011,4.0)])
(B000084F1L,[(2008,3.0)])
(B000084F1O,[(2011,4.0), (2012,4.0)])
(B000084F1Z,[(2012,4.0), (2009,5.0), (2011,5.0), (2010,2.0)])
(B000084F3O,[(2006,5.0), (2008,4.0), (2005,5.0), (2007,4.0), (2010,5.0), (2011,1.0)])
(B000084F3X,[(2007,3.0), (2008,5.0), (2012,2.0), (2011,5.0)])
(B000084F44,[(2009,5.0), (2008,5.0), (2012,4.0), (2010,4.0), (2011,5.0)])
(B000084F5E,[(2012,4.0), (2011,3.0), (2010,4.0)])
(B000084F5K,[(2007,5.0)])
(B000084F5N,[(2012,5.0)])
(B000084F5Y,[(2012,5.0)])
(B000084F62,[(2012,5.0)])
(B000084F67,[(2012,2.0)])
(B000084F68,[(2012,5.0)])
(B000084F6E,[(2007,5.0)])
(B000084F6F,[(2011,4.0), (2012,4.0), (2010,4.0)])
(B000084F85,[(2005,4.0)])
(B000087BJ3,[(2009,5.0), (2010,5.0)])
(B000087BJ4,[(2010,5.0)])
(B000089D9T,[(2008,5.0), (2009,5.0)])
(B00008CQV5,[(2007,5.0), (2006,5.0)])
(B00008CQVA,[(2011,4.0), (2008,2.0), (2006,1.0), (2012,4.0), (2010,4.0), (2007,5.0), (2009,3.0)])
(B00008DF6C,[(2012,5.0)])
(B00008DF91,[(2010,5.0), (2012,3.0), (2007,2.0), (2011,5.0)])
(B00008DFAM,[(2008,5.0), (2012,5.0), (2011,1.0)])
(B00008DFB0,[(2012,5.0)])
(B00008DFB5,[(2010,1.0), (2008,5.0)])
(B00008DFDJ,[(2008,5.0)])
(B00008DFK5,[(2008,4.0), (2005,5.0), (2011,3.0), (2010,3.0), (2007,4.0), (2012,3.0), (2009,4.0), (2006,5.0)])
(B00008DFNJ,[(2006,5.0)])
(B00008DFNV,[(2007,5.0), (2009,4.0), (2004,5.0)])
(B00008DFOG,[(2012,5.0), (2011,4.0), (2010,3.0)])
(B00008DFOM,[(2011,1.0)])
(B00008DFP1,[(2004,5.0)])
(B00008DFPY,[(2008,4.0), (2012,5.0)])
(B00008DFR5,[(2011,5.0), (2007,5.0)])
(B00008DFTH,[(2007,2.0), (2006,5.0)])
(B00008DFTP,[(2011,5.0), (2012,5.0)])
(B00008GKAO,[(2008,4.0)])
(B00008GKAV,[(2009,1.0), (2010,1.0)])
(B00008GKB1,[(2007,5.0), (2010,4.0)])
(B00008GQ4F,[(2012,2.0), (2007,4.0), (2011,5.0)])
(B00008GQ50,[(2011,5.0), (2012,1.0)])
(B00008JOL0,[(2010,4.0), (2009,5.0), (2007,5.0), (2012,4.0), (2006,5.0), (2008,4.0), (2011,4.0)])
(B00008MOF8,[(2008,5.0)])
(B00008MOFD,[(2012,5.0)])
(B00008MOI8,[(2007,5.0)])
(B00008MOIF,[(2010,2.0), (2011,2.0), (2009,1.0), (2006,1.0), (2007,4.0), (2008,1.0), (2012,1.0)])
(B00008MOIK,[(2003,3.0)])
(B00008MOJ2,[(2009,5.0), (2011,5.0), (2012,3.0)])
(B00008O35V,[(2008,5.0), (2010,5.0), (2011,1.0)])
(B00008O36H,[(2010,3.0), (2009,3.0), (2012,1.0)])
(B00008Q37R,[(2005,5.0)])
(B00008Q3B7,[(2011,4.0), (2012,5.0)])
(B00008RCMI,[(2003,5.0)])
(B00008WUA9,[(2006,4.0), (2010,3.0), (2007,4.0), (2011,3.0), (2004,4.0), (2005,4.0)])
(B000093HKC,[(2011,3.0), (2010,3.0), (2008,5.0)])
(B000093HOV,[(2012,4.0)])
(B000096O8Y,[(2011,5.0)])
(B000096OIV,[(2008,5.0)])
(B00009KF1J,[(2004,5.0), (2005,4.0), (2012,1.0), (2007,5.0), (2006,1.0)])
(B00009KF1K,[(2007,5.0)])
(B00009LIAO,[(2011,3.0)])
(B00009ND79,[(2011,5.0)])
(B00009ND7A,[(2010,5.0), (2012,4.0)])
(B00009OLE2,[(2011,2.0), (2012,5.0)])
(B00009OLEP,[(2012,4.0), (2011,5.0)])
(B00009OLEW,[(2011,5.0), (2008,5.0)])
(B00009OLFC,[(2012,5.0)])
(B00009OLJ6,[(2009,2.0)])
(B00009ZIY2,[(2009,3.0), (2012,2.0), (2008,1.0), (2011,2.0), (2010,4.0)])
(B00009ZJ2Y,[(2007,4.0)])
(B00009ZJ48,[(2007,5.0), (2008,5.0), (2009,4.0)])
(B0000A0BS5,[(2012,5.0), (2004,5.0), (2006,1.0), (2003,2.0)])
(B0000A0BS8,[(2003,4.0)])
(B0000A1ODP,[(2012,4.0), (2011,5.0)])
(B0000A1ODW,[(2011,5.0), (2012,4.0)])
(B0000A1OEF,[(2009,4.0), (2011,3.0)])
(B0000A1OEJ,[(2011,1.0)])
(B0000AE5ZC,[(2011,5.0), (2012,5.0)])
(B0000AE5ZD,[(2009,4.0), (2011,3.0)])
(B0000AE5ZE,[(2011,3.0), (2009,4.0)])
(B0000AE623,[(2012,4.0), (2011,3.0)])
(B0000AE62K,[(2009,5.0), (2011,5.0)])
(B0000AH3OQ,[(2012,1.0)])
(B0000AH3OX,[(2010,5.0), (2011,5.0)])
(B0000AH3P3,[(2007,5.0)])
(B0000AH3QT,[(2012,5.0), (2011,2.0)])
(B0000AH3QW,[(2011,4.0), (2012,3.0)])
(B0000AH3R1,[(2011,5.0), (2012,5.0)])
(B0000AH3RM,[(2012,5.0), (2011,4.0)])
(B0000AH3RP,[(2011,2.0), (2012,4.0)])
(B0000AH3RR,[(2012,3.0)])
(B0000AH3UI,[(2009,5.0)])
(B0000AH3UK,[(2008,4.0), (2007,4.0), (2011,4.0), (2012,5.0), (2009,5.0)])
(B0000AH9XL,[(2010,5.0), (2011,5.0)])
(B0000AH9XO,[(2004,5.0)])
(B0000AHA22,[(2007,5.0), (2006,5.0)])
(B0000AJ0PQ,[(2011,3.0)])
(B0000BXJIO,[(2008,3.0), (2010,4.0), (2011,4.0), (2012,5.0), (2009,5.0)])
(B0000BXJIS,[(2011,5.0), (2004,5.0)])
(B0000BXJIU,[(2008,3.0), (2006,5.0), (2012,5.0)])
(B0000BXJO8,[(2009,3.0), (2012,3.0), (2010,5.0), (2011,5.0)])
(B0000BYDG9,[(2011,1.0), (2009,3.0)])
(B0000BYSQ0,[(2012,4.0)])
(B0000C69FB,[(2006,5.0), (2011,5.0), (2012,4.0)])
(B0000C69FI,[(2010,4.0), (2004,5.0)])
(B0000C69FP,[(2004,5.0)])
(B0000CA4TK,[(2008,5.0), (2009,5.0), (2003,5.0), (2004,5.0), (2006,5.0)])
(B0000CAV3A,[(2010,5.0)])
(B0000CAV3B,[(2011,4.0)])
(B0000CAV3C,[(2012,5.0), (2010,5.0), (2009,5.0)])
(B0000CAV3W,[(2010,5.0)])
(B0000CAV3Y,[(2007,4.0)])
(B0000CCZV6,[(2012,5.0)])
(B0000CCZYY,[(2012,5.0), (2004,5.0), (2007,5.0)])
(B0000CD019,[(2007,4.0)])
(B0000CD06J,[(2012,3.0), (2010,3.0), (2007,4.0), (2009,4.0), (2011,4.0)])
(B0000CD9PL,[(2005,5.0)])
(B0000CD9PM,[(2005,5.0)])
(B0000CD9TF,[(2010,3.0), (2011,1.0), (2009,5.0), (2005,5.0)])
(B0000CD9TH,[(2005,5.0)])
(B0000CD9V4,[(2011,1.0), (2009,5.0), (2010,3.0), (2005,5.0)])
(B0000CDAY2,[(2004,4.0), (2009,5.0), (2007,5.0), (2012,5.0), (2008,4.0), (2003,5.0), (2005,5.0)])
(B0000CDBPL,[(2008,5.0), (2012,5.0)])
(B0000CDBPT,[(2008,5.0), (2012,5.0), (2005,5.0), (2011,5.0)])
(B0000CDBPV,[(2007,5.0), (2011,5.0), (2012,4.0)])
(B0000CDBPW,[(2008,5.0), (2010,5.0), (2005,5.0), (2012,5.0), (2011,5.0)])
(B0000CDBPX,[(2008,5.0), (2012,5.0), (2011,5.0), (2010,5.0), (2005,5.0)])
(B0000CDBPZ,[(2012,5.0)])
(B0000CDBQB,[(2011,5.0), (2012,5.0)])
(B0000CDBQD,[(2012,5.0), (2011,5.0)])
(B0000CDBQF,[(2008,5.0), (2006,5.0), (2009,5.0), (2010,3.0), (2012,3.0), (2011,1.0)])
(B0000CDBQI,[(2012,5.0), (2010,5.0)])
(B0000CDBQL,[(2012,5.0), (2007,5.0), (2008,5.0), (2011,5.0)])
(B0000CDBQN,[(2011,5.0), (2007,5.0), (2010,5.0), (2006,5.0), (2012,5.0)])
(B0000CDBQO,[(2012,4.0), (2009,5.0)])
(B0000CDBQP,[(2007,5.0)])
(B0000CDBQS,[(2011,5.0), (2010,5.0), (2008,5.0), (2009,5.0)])
(B0000CDBQT,[(2011,5.0), (2010,5.0), (2008,5.0), (2009,5.0)])
(B0000CDBQZ,[(2007,5.0), (2011,2.0)])
(B0000CDBR7,[(2011,5.0)])
(B0000CDBR9,[(2012,4.0), (2011,5.0), (2008,5.0)])
(B0000CDBRA,[(2012,4.0), (2011,5.0), (2008,5.0)])
(B0000CDBRG,[(2011,5.0), (2012,5.0), (2010,5.0)])
(B0000CDBRH,[(2012,5.0), (2011,5.0), (2010,5.0)])
(B0000CDBRJ,[(2008,5.0), (2011,5.0), (2012,5.0), (2009,5.0)])
(B0000CDBRK,[(2012,5.0), (2011,5.0), (2008,5.0), (2009,5.0)])
(B0000CDBRM,[(2007,5.0), (2009,5.0), (2008,5.0), (2010,5.0), (2012,5.0), (2011,4.0)])
(B0000CDBRN,[(2007,5.0), (2009,5.0), (2011,4.0), (2010,5.0), (2008,5.0), (2012,5.0)])
(B0000CDBRP,[(2010,5.0), (2012,5.0), (2011,5.0), (2008,5.0)])
(B0000CDBRQ,[(2012,5.0), (2008,5.0), (2010,5.0), (2011,5.0)])
(B0000CDBRU,[(2008,5.0), (2012,5.0), (2011,5.0), (2010,3.0), (2007,5.0)])
(B0000CDBRV,[(2011,5.0), (2010,3.0), (2008,5.0), (2012,5.0), (2007,5.0)])
(B0000CDBRY,[(2012,5.0), (2007,5.0), (2010,5.0), (2009,5.0), (2011,3.0)])
(B0000CDBRZ,[(2010,5.0), (2011,3.0), (2007,5.0), (2009,5.0), (2012,5.0)])
(B0000CDEPD,[(2011,3.0), (2012,4.0)])
(B0000CDEQM,[(2007,5.0), (2006,5.0)])
(B0000CDHN8,[(2011,4.0)])
(B0000CE29E,[(2008,5.0), (2005,5.0)])
(B0000CE3WE,[(2012,3.0)])
(B0000CEO7A,[(2006,4.0)])
(B0000CEOKH,[(2012,5.0)])
(B0000CEPDP,[(2012,4.0), (2010,4.0), (2008,4.0), (2011,4.0), (2006,5.0), (2007,4.0), (2005,5.0), (2009,3.0)])
(B0000CEPED,[(2009,2.0), (2011,3.0), (2010,3.0), (2012,3.0)])
(B0000CEQ6H,[(2011,5.0), (2004,5.0)])
(B0000CEQ6I,[(2010,5.0)])
(B0000CEQ72,[(2004,5.0)])
(B0000CEQ9T,[(2008,5.0), (2007,1.0)])
(B0000CEQAA,[(2008,5.0)])
(B0000CEQD5,[(2006,5.0), (2007,5.0), (2005,5.0)])
(B0000CEQUJ,[(2007,5.0)])
(B0000CEQY4,[(2007,4.0), (2009,4.0), (2012,4.0)])
(B0000CEQZL,[(2008,4.0)])
(B0000CEQZS,[(2005,1.0), (2007,5.0)])
(B0000CER0J,[(2005,5.0), (2012,5.0), (2010,5.0)])
(B0000CER3Z,[(2008,5.0)])
(B0000CER6R,[(2010,3.0), (2006,5.0), (2009,5.0)])
(B0000CER6Z,[(2007,5.0)])
(B0000CER9K,[(2008,5.0), (2007,5.0), (2010,4.0), (2009,5.0)])
(B0000CER9W,[(2008,4.0)])
(B0000CERBL,[(2008,5.0)])
(B0000CERCD,[(2012,5.0), (2010,4.0), (2007,5.0)])
(B0000CERDY,[(2007,5.0)])
(B0000CERHH,[(2009,5.0), (2007,5.0), (2012,5.0)])
(B0000CERIH,[(2007,5.0), (2006,5.0), (2009,5.0)])
(B0000CERIV,[(2005,5.0), (2009,5.0)])
(B0000CERJ5,[(2011,2.0), (2009,5.0)])
(B0000CERPU,[(2008,4.0)])
(B0000CERPY,[(2010,1.0), (2008,5.0)])
(B0000CERTG,[(2005,5.0)])
(B0000CERVY,[(2009,5.0), (2007,5.0), (2008,5.0)])
(B0000CERXB,[(2008,5.0), (2010,5.0)])
(B0000CERXU,[(2010,5.0), (2007,4.0), (2012,5.0), (2009,5.0)])
(B0000CERYI,[(2011,4.0), (2010,5.0)])
(B0000CERZK,[(2008,1.0), (2012,5.0), (2006,5.0), (2010,5.0)])
(B0000CERZN,[(2012,2.0), (2011,3.0), (2010,3.0)])
(B0000CES0O,[(2011,4.0), (2008,5.0), (2007,5.0), (2010,5.0), (2009,5.0), (2012,4.0)])
(B0000CET6I,[(2012,1.0), (2010,5.0)])
(B0000CEU6P,[(2008,4.0), (2003,5.0), (2009,3.0), (2011,5.0), (2012,2.0), (2006,4.0)])
(B0000CEU6T,[(2011,5.0), (2006,4.0), (2008,4.0), (2003,5.0), (2012,2.0), (2009,3.0)])
(B0000CEU7D,[(2012,2.0), (2008,4.0), (2003,5.0), (2009,3.0), (2011,5.0), (2006,4.0)])
(B0000CEU7J,[(2009,3.0), (2011,5.0), (2012,2.0), (2006,4.0), (2003,5.0), (2008,4.0)])
(B0000CEU8V,[(2010,1.0)])
(B0000CEUAL,[(2010,5.0)])
(B0000CEUDZ,[(2012,5.0)])
(B0000CEUFI,[(2012,3.0)])
(B0000CF4VF,[(2011,3.0), (2010,5.0)])
(B0000CF8T1,[(2011,3.0), (2008,3.0), (2012,4.0), (2009,5.0), (2010,4.0)])
(B0000CF90P,[(2010,5.0), (2007,2.0)])
(B0000CFH1O,[(2011,4.0)])
(B0000CFH6P,[(2011,3.0)])
(B0000CFH7B,[(2011,2.0), (2009,1.0)])
(B0000CFMU3,[(2011,5.0), (2012,5.0)])
(B0000CFN0Y,[(2011,4.0), (2010,4.0), (2012,4.0), (2009,4.0)])
(B0000CFNGU,[(2011,5.0), (2012,4.0)])
(B0000CFP3T,[(2012,5.0), (2009,5.0)])
(B0000CFPI2,[(2012,5.0), (2009,4.0), (2005,5.0), (2011,3.0), (2010,5.0), (2008,5.0), (2007,5.0), (2006,4.0)])
(B0000CFSL8,[(2011,5.0), (2012,4.0)])
(B0000CFXYA,[(2007,4.0), (2010,3.0), (2008,5.0), (2012,1.0), (2011,3.0), (2009,4.0)])
(B0000CFXYG,[(2008,5.0)])
(B0000CFYH1,[(2005,5.0)])
(B0000CFYHJ,[(2005,5.0), (2010,5.0), (2008,5.0)])
(B0000CG4I0,[(2003,5.0), (2007,4.0), (2006,4.0), (2005,4.0)])
(B0000CGDUK,[(2009,3.0), (2008,4.0), (2003,5.0), (2011,5.0), (2012,2.0), (2006,4.0)])
(B0000CGE1S,[(2012,5.0), (2011,5.0), (2010,5.0)])
(B0000CGE3G,[(2011,5.0), (2010,4.0)])
(B0000CGE3R,[(2010,5.0), (2006,4.0)])
(B0000CGEJH,[(2012,1.0), (2009,5.0)])
(B0000CGFCD,[(2010,5.0)])
(B0000CGFCQ,[(2012,5.0)])
(B0000CGFEB,[(2011,5.0)])
(B0000CGFFI,[(2009,1.0)])
(B0000CGFG1,[(2010,5.0), (2011,5.0), (2009,5.0)])
(B0000CGFGS,[(2010,5.0), (2011,5.0)])
(B0000CGFH6,[(2009,5.0), (2011,5.0), (2010,5.0)])
(B0000CGFSC,[(2007,5.0)])
(B0000CGFV4,[(2011,5.0)])
(B0000CH39R,[(2004,3.0), (2006,4.0), (2008,5.0), (2011,2.0), (2012,5.0), (2003,4.0), (2005,2.0)])
(B0000CH39S,[(2011,2.0), (2006,4.0), (2003,4.0), (2005,2.0), (2008,5.0), (2012,5.0), (2004,3.0)])
(B0000CH3AU,[(2010,1.0), (2012,3.0), (2011,4.0)])
(B0000CH3EB,[(2005,5.0)])
(B0000CH4F7,[(2006,5.0), (2004,4.0), (2007,5.0)])
(B0000CH4FA,[(2006,5.0), (2011,1.0), (2007,5.0)])
(B0000CH4FN,[(2006,5.0)])
(B0000CH4FX,[(2003,5.0)])
(B0000CH4G5,[(2012,4.0)])
(B0000CH4GF,[(2005,5.0)])
(B0000CH4GM,[(2006,5.0), (2012,5.0)])
(B0000CNTZI,[(2010,4.0), (2009,5.0), (2012,5.0)])
(B0000CNTZK,[(2011,5.0)])
(B0000CNTZL,[(2006,5.0)])
(B0000CNTZZ,[(2010,4.0), (2008,1.0)])
(B0000CNU07,[(2012,1.0), (2011,3.0)])
(B0000CNU0A,[(2012,4.0), (2003,4.0), (2011,5.0)])
(B0000CNU0B,[(2012,5.0)])
(B0000CNU0C,[(2008,1.0), (2010,1.0)])
(B0000CNU0N,[(2009,1.0), (2012,5.0)])
(B0000CNU0R,[(2008,4.0), (2012,1.0)])
(B0000CNU0V,[(2004,5.0)])
(B0000CNU0W,[(2012,1.0), (2011,5.0)])
(B0000CNU15,[(2012,5.0)])
(B0000CNU18,[(2010,5.0), (2008,4.0)])
(B0000CNU1A,[(2010,1.0)])
(B0000CNU1J,[(2012,5.0)])
(B0000CNU1O,[(2011,5.0)])
(B0000CNU1S,[(2010,4.0), (2012,4.0), (2007,5.0), (2011,5.0), (2009,5.0)])
(B0000CNU1X,[(2011,5.0), (2004,5.0), (2012,4.0)])
(B0000CNU28,[(2009,5.0)])
(B0000CNU2B,[(2011,1.0), (2010,2.0), (2012,5.0)])
(B0000CNU2H,[(2011,4.0), (2007,5.0)])
(B0000CNU2J,[(2011,4.0), (2012,4.0), (2010,1.0), (2008,1.0), (2007,1.0)])
(B0000CNU2K,[(2010,5.0), (2011,5.0), (2012,5.0), (2007,5.0)])
(B0000CNU2Q,[(2007,3.0), (2003,5.0)])
(B0000CNU2W,[(2009,1.0), (2007,5.0), (2012,2.0)])
(B0000CNU3F,[(2011,5.0), (2010,5.0)])
(B0000CNU3J,[(2012,5.0)])
(B0000CNU3M,[(2011,1.0), (2012,4.0)])
(B0000CNU3P,[(2009,2.0)])
(B0000CNU3R,[(2012,1.0), (2007,5.0)])
(B0000CNU4D,[(2012,4.0), (2003,5.0)])
(B0000CNU4J,[(2007,4.0)])
(B0000CNU4K,[(2010,5.0), (2012,1.0)])
(B0000CNU51,[(2012,5.0), (2003,4.0), (2010,5.0)])
(B0000CNU58,[(2012,5.0), (2005,5.0)])
(B0000CNU59,[(2009,5.0), (2008,5.0), (2012,5.0), (2006,5.0)])
(B0000CNU5A,[(2003,5.0), (2011,5.0), (2005,5.0)])
(B0000CNU5B,[(2006,5.0), (2012,5.0)])
(B0000CNU5N,[(2011,1.0)])
(B0000CNU5R,[(2012,5.0)])
(B0000CNU5T,[(2008,5.0)])
(B0000CNU6Q,[(2008,5.0)])
(B0000CNU72,[(2008,5.0)])
(B0000CNU78,[(2012,3.0)])
(B0000CNU7C,[(2006,5.0), (2004,5.0)])
(B0000D15S0,[(2012,5.0)])
(B0000D15YK,[(2011,5.0)])
(B0000D15YQ,[(2007,5.0), (2006,5.0), (2011,3.0), (2012,4.0), (2008,3.0), (2005,2.0), (2009,3.0), (2010,4.0)])
(B0000D1666,[(2010,5.0)])
(B0000D1675,[(2007,5.0), (2011,4.0), (2012,5.0), (2010,5.0)])
(B0000D1699,[(2012,3.0)])
(B0000D16HU,[(2010,4.0), (2012,4.0), (2008,5.0)])
(B0000D16IP,[(2010,2.0), (2009,4.0)])
(B0000D16QZ,[(2011,5.0)])
(B0000D16V0,[(2012,1.0)])
(B0000D16YH,[(2010,4.0), (2012,2.0), (2009,1.0)])
(B0000D1728,[(2011,1.0)])
(B0000D179U,[(2010,5.0)])
(B0000D179V,[(2009,5.0)])
(B0000D17BH,[(2010,5.0), (2005,5.0)])
(B0000D17C5,[(2009,5.0)])
(B0000D17CF,[(2007,5.0)])
(B0000D17FW,[(2006,5.0)])
(B0000D17HA,[(2012,1.0), (2004,5.0), (2008,5.0), (2011,5.0), (2010,5.0), (2009,5.0)])
(B0000D17HK,[(2012,4.0), (2011,4.0)])
(B0000D17LB,[(2012,5.0)])
(B0000D17NM,[(2011,5.0), (2012,4.0)])
(B0000D17NR,[(2008,5.0)])
(B0000D17NY,[(2008,5.0), (2009,2.0)])
(B0000D17RB,[(2011,5.0)])
(B0000D17RQ,[(2011,1.0)])
(B0000D17UF,[(2011,5.0)])
(B0000D17W5,[(2003,4.0)])
(B0000D17XD,[(2012,2.0)])
(B0000D18YP,[(2004,5.0)])
(B0000D196M,[(2008,5.0)])
(B0000D88B6,[(2006,2.0), (2011,5.0)])
(B0000D89R5,[(2010,5.0), (2007,5.0), (2012,5.0)])
(B0000D8DI0,[(2005,4.0), (2007,2.0), (2008,5.0), (2010,4.0), (2006,1.0)])
(B0000D8KFO,[(2012,5.0)])
(B0000D8KJC,[(2010,5.0)])
(B0000D9169,[(2012,5.0)])
(B0000D916F,[(2011,4.0)])
(B0000D919L,[(2007,5.0)])
(B0000D94M3,[(2011,5.0), (2012,5.0), (2006,5.0)])
(B0000D94N3,[(2006,5.0), (2009,5.0)])
(B0000D94OR,[(2011,1.0)])
(B0000D94OW,[(2009,1.0)])
(B0000D94P1,[(2003,5.0), (2012,5.0), (2009,3.0), (2010,5.0)])
(B0000D94P6,[(2010,1.0), (2012,1.0)])
(B0000D94PA,[(2011,1.0), (2010,2.0), (2009,5.0), (2008,5.0)])
(B0000D94PG,[(2011,3.0), (2003,4.0)])
(B0000D94PP,[(2011,1.0)])
(B0000D94PU,[(2010,5.0)])
(B0000D94PZ,[(2010,5.0), (2007,5.0)])
(B0000D94R9,[(2008,5.0)])
(B0000D94RL,[(2010,5.0)])
(B0000D94RZ,[(2011,3.0)])
(B0000D94SZ,[(2007,4.0)])
(B0000D94TV,[(2007,5.0)])
(B0000D94U0,[(2008,2.0)])
(B0000D94V5,[(2009,5.0)])
(B0000D94V9,[(2012,4.0)])
(B0000D94WF,[(2011,5.0)])
(B0000D94WO,[(2011,1.0)])
(B0000D952M,[(2011,5.0)])
(B0000D953W,[(2010,5.0), (2012,5.0), (2009,5.0), (2011,5.0)])
(B0000D9541,[(2011,5.0), (2010,5.0)])
(B0000D954D,[(2006,4.0), (2008,4.0), (2007,2.0), (2010,5.0)])
(B0000D956H,[(2009,5.0), (2006,4.0)])
(B0000D956L,[(2010,4.0)])
(B0000D9589,[(2007,4.0), (2009,4.0), (2006,1.0)])
(B0000D958H,[(2010,5.0), (2009,4.0), (2005,5.0)])
(B0000D958O,[(2011,3.0), (2008,3.0), (2007,1.0), (2009,1.0), (2012,5.0)])
(B0000D9MR9,[(2009,5.0), (2005,3.0)])
(B0000D9MRD,[(2012,5.0)])
(B0000D9MSD,[(2005,5.0), (2007,2.0), (2006,5.0)])
(B0000D9MSP,[(2005,5.0)])
(B0000D9MSY,[(2008,5.0)])
(B0000D9MT1,[(2012,3.0), (2008,5.0), (2007,5.0), (2009,5.0)])
(B0000D9MT2,[(2010,4.0), (2011,5.0)])
(B0000D9MTJ,[(2007,5.0), (2010,4.0)])
(B0000D9MTL,[(2010,4.0), (2012,5.0)])
(B0000D9MTS,[(2012,4.0)])
(B0000D9MU1,[(2008,5.0)])
(B0000D9MUE,[(2005,5.0), (2003,5.0)])
(B0000D9MVD,[(2012,5.0), (2011,5.0)])
(B0000D9MVO,[(2005,2.0)])
(B0000D9MVT,[(2008,5.0)])
(B0000D9MWS,[(2012,1.0)])
(B0000D9MWT,[(2005,5.0), (2006,5.0)])
(B0000D9MX0,[(2008,5.0), (2007,5.0), (2012,5.0)])
(B0000D9MXL,[(2005,5.0), (2009,5.0)])
(B0000D9MXU,[(2007,5.0), (2005,5.0), (2003,5.0), (2006,5.0), (2009,5.0)])
(B0000D9MY0,[(2010,3.0)])
(B0000D9MY3,[(2007,5.0), (2011,1.0)])
(B0000D9MYJ,[(2007,5.0)])
(B0000D9MYL,[(2009,5.0)])
(B0000D9MYM,[(2008,5.0), (2006,5.0)])
(B0000D9MYO,[(2011,4.0), (2012,2.0)])
(B0000D9MZM,[(2009,5.0), (2003,5.0), (2004,1.0), (2005,5.0), (2007,4.0)])
(B0000D9MZZ,[(2012,5.0)])
(B0000D9N0F,[(2008,5.0), (2005,4.0)])
(B0000D9N0I,[(2012,1.0), (2006,5.0)])
(B0000D9N0Q,[(2009,5.0), (2006,5.0), (2008,5.0)])
(B0000D9N12,[(2008,5.0)])
(B0000D9N17,[(2007,5.0), (2005,5.0), (2003,4.0), (2008,5.0)])
(B0000D9N1H,[(2010,5.0), (2009,5.0), (2007,5.0), (2012,4.0), (2011,5.0), (2008,5.0)])
(B0000D9N1U,[(2005,4.0), (2011,5.0), (2006,5.0)])
(B0000D9N2P,[(2012,5.0)])
(B0000D9N2Q,[(2008,1.0)])
(B0000D9N35,[(2007,5.0)])
(B0000D9N38,[(2007,5.0), (2009,5.0)])
(B0000D9N3M,[(2007,1.0)])
(B0000D9N42,[(2010,5.0)])
(B0000D9N4M,[(2012,1.0), (2005,3.0), (2004,5.0), (2007,4.0), (2009,5.0)])
(B0000D9N4P,[(2012,2.0), (2010,5.0), (2007,5.0)])
(B0000D9N4Q,[(2010,5.0)])
(B0000D9N4V,[(2012,5.0)])
(B0000D9N50,[(2009,5.0)])
(B0000D9N59,[(2005,4.0), (2012,3.0), (2003,5.0), (2004,5.0), (2007,5.0), (2008,4.0), (2006,5.0)])
(B0000D9N5P,[(2009,1.0), (2005,5.0)])
(B0000D9N5Q,[(2003,5.0), (2007,5.0)])
(B0000D9N63,[(2004,4.0), (2009,5.0), (2010,5.0), (2011,5.0)])
(B0000D9N64,[(2007,5.0), (2006,5.0), (2012,4.0)])
(B0000D9N68,[(2010,3.0), (2007,5.0)])
(B0000D9N6N,[(2009,5.0), (2006,5.0), (2005,5.0), (2007,5.0), (2004,5.0)])
(B0000D9N6T,[(2007,5.0)])
(B0000D9N6V,[(2008,5.0), (2004,5.0), (2007,4.0)])
(B0000D9N72,[(2010,5.0)])
(B0000D9N74,[(2008,2.0), (2009,4.0), (2007,5.0)])
(B0000D9N7E,[(2003,5.0)])
(B0000D9N7H,[(2010,5.0)])
(B0000D9N7T,[(2010,5.0)])
(B0000D9N7U,[(2003,5.0), (2010,4.0), (2007,5.0)])
(B0000D9N8O,[(2005,3.0), (2010,5.0), (2006,5.0), (2007,4.0), (2003,5.0), (2009,5.0)])
(B0000D9N9A,[(2010,5.0), (2012,2.0), (2003,5.0)])
(B0000D9N9S,[(2008,4.0), (2005,4.0), (2007,3.0), (2011,4.0), (2012,5.0)])
(B0000D9N9X,[(2009,3.0), (2008,5.0)])
(B0000D9NAN,[(2010,5.0)])
(B0000D9NBV,[(2011,5.0), (2012,3.0)])
(B0000D9NC9,[(2010,5.0)])
(B0000D9NCJ,[(2004,3.0)])
(B0000D9NCK,[(2011,4.0)])
(B0000D9NCV,[(2005,2.0), (2007,5.0)])
(B0000D9NDG,[(2004,5.0), (2006,5.0), (2005,5.0), (2007,5.0)])
(B0000DA0XE,[(2011,5.0), (2012,5.0), (2007,1.0)])
(B0000DA0XJ,[(2010,5.0)])
(B0000DAIPK,[(2007,5.0)])
(B0000DAIPM,[(2005,5.0), (2006,5.0), (2010,5.0), (2012,1.0)])
(B0000DANYR,[(2011,4.0)])
(B0000DANZ0,[(2012,1.0)])
(B0000DBN1F,[(2010,4.0), (2007,4.0), (2006,4.0), (2005,5.0), (2011,1.0), (2012,4.0), (2009,4.0)])
(B0000DBN1H,[(2010,3.0), (2007,4.0), (2008,5.0), (2003,5.0), (2012,3.0), (2004,5.0)])
(B0000DBN1I,[(2012,5.0), (2006,4.0), (2010,5.0), (2011,3.0), (2009,5.0), (2007,5.0), (2004,5.0)])
(B0000DBN1L,[(2010,3.0), (2011,5.0), (2007,5.0), (2009,5.0), (2003,5.0), (2006,4.0)])
(B0000DBN1M,[(2012,1.0), (2010,4.0), (2006,4.0), (2007,5.0)])
(B0000DBN1O,[(2006,4.0), (2008,4.0), (2003,5.0), (2010,2.0)])
(B0000DBN1Q,[(2007,5.0), (2009,4.0), (2005,5.0), (2011,5.0), (2004,4.0), (2008,4.0), (2010,1.0)])
(B0000DBN2F,[(2006,4.0), (2011,5.0), (2007,5.0), (2009,5.0), (2012,5.0), (2004,5.0), (2010,5.0), (2008,5.0), (2003,5.0)])
(B0000DBN2G,[(2008,5.0), (2009,3.0), (2011,4.0), (2007,5.0), (2012,5.0)])
(B0000DBN2I,[(2007,3.0), (2010,3.0), (2005,5.0), (2006,4.0), (2009,3.0), (2012,5.0), (2011,4.0), (2008,3.0)])
(B0000DBN2K,[(2004,4.0), (2007,5.0), (2006,4.0)])
(B0000DBPLI,[(2012,3.0)])
(B0000DC2T7,[(2008,4.0)])
(B0000DC2TK,[(2006,5.0)])
(B0000DC2TS,[(2006,5.0)])
(B0000DC2TW,[(2007,5.0)])
(B0000DC2U7,[(2004,5.0)])
(B0000DC2UL,[(2006,5.0)])
(B0000DC2UV,[(2006,3.0), (2007,5.0)])
(B0000DC2V5,[(2004,5.0)])
(B0000DC324,[(2012,5.0), (2009,5.0)])
(B0000DC32J,[(2012,2.0)])
(B0000DC32S,[(2012,5.0), (2011,5.0)])
(B0000DC332,[(2009,4.0), (2010,4.0), (2011,4.0), (2008,5.0), (2012,1.0)])
(B0000DC5IY,[(2010,1.0), (2011,1.0)])
(B0000DCKCN,[(2006,5.0)])
(B0000DCWT9,[(2007,5.0)])
(B0000DCWW5,[(2009,5.0), (2012,5.0)])
(B0000DCWWB,[(2008,3.0)])
(B0000DCWWI,[(2012,4.0), (2010,5.0), (2006,5.0)])
(B0000DCWX3,[(2007,5.0)])
(B0000DCWX4,[(2007,5.0)])
(B0000DCWYO,[(2009,5.0)])
(B0000DCWZA,[(2004,5.0)])
(B0000DCWZX,[(2007,5.0)])
(B0000DCX0P,[(2007,5.0)])
(B0000DCX1H,[(2010,5.0)])
(B0000DCX8R,[(2012,1.0)])
(B0000DCX9P,[(2012,3.0), (2007,5.0)])
(B0000DCX9Q,[(2006,4.0), (2007,2.0), (2010,5.0), (2011,4.0), (2012,5.0)])
(B0000DCXCM,[(2008,5.0), (2010,1.0)])
(B0000DCXDH,[(2010,5.0)])
(B0000DCXFW,[(2010,5.0), (2011,1.0), (2003,5.0)])
(B0000DCXFY,[(2007,5.0), (2003,5.0)])
(B0000DCXFZ,[(2009,5.0), (2011,5.0)])
(B0000DCXG0,[(2008,5.0), (2007,5.0), (2011,5.0)])
(B0000DCYLF,[(2011,2.0)])
(B0000DCYLH,[(2005,5.0)])
(B0000DCYLK,[(2011,2.0)])
(B0000DCYMM,[(2010,5.0)])
(B0000DCYMX,[(2005,4.0)])
(B0000DD8O9,[(2006,1.0), (2011,1.0)])
(B0000DD8P1,[(2010,4.0)])
(B0000DD8RB,[(2007,3.0)])
(B0000DD8VB,[(2006,1.0)])
(B0000DD8X6,[(2006,5.0)])
(B0000DD8Y6,[(2011,3.0), (2012,5.0)])
(B0000DD8YM,[(2007,5.0)])
(B0000DD8YP,[(2007,5.0)])
(B0000DD8ZK,[(2011,5.0)])
(B0000DD93T,[(2006,3.0)])
(B0000DDSC9,[(2009,5.0), (2012,5.0)])
(B0000DDSCE,[(2012,5.0)])
(B0000DDSDQ,[(2008,5.0), (2011,5.0)])
(B0000DDSDX,[(2011,5.0)])
(B0000DF3FA,[(2008,5.0)])
(B0000DF3H3,[(2005,5.0)])
(B0000DF3IX,[(2005,5.0)])
(B0000DF3M8,[(2008,5.0), (2011,5.0), (2010,5.0)])
(B0000DF3VH,[(2007,5.0)])
(B0000DF3WA,[(2012,1.0)])
(B0000DF3WB,[(2012,1.0)])
(B0000DF3Z7,[(2007,4.0)])
(B0000DF44P,[(2007,5.0), (2006,1.0)])
(B0000DF4BN,[(2005,5.0)])
(B0000DF4CD,[(2007,5.0)])
(B0000DG4AO,[(2007,5.0)])
(B0000DG4B3,[(2007,5.0), (2006,4.0), (2003,4.0)])
(B0000DG4BF,[(2007,5.0)])
(B0000DG4E7,[(2007,5.0), (2009,5.0), (2005,5.0), (2006,5.0)])
(B0000DG4E9,[(2009,5.0), (2007,5.0), (2005,5.0), (2006,5.0)])
(B0000DG4EJ,[(2003,5.0)])
(B0000DG4M5,[(2010,5.0)])
(B0000DG4MK,[(2010,4.0), (2009,5.0), (2012,5.0), (2006,1.0)])
(B0000DG4ML,[(2012,1.0)])
(B0000DG4MO,[(2012,5.0), (2006,5.0), (2004,5.0)])
(B0000DG4MS,[(2005,5.0)])
(B0000DG4MV,[(2007,4.0)])
(B0000DG4N7,[(2012,3.0), (2004,5.0), (2007,5.0), (2008,5.0), (2011,5.0)])
(B0000DG4N9,[(2008,5.0), (2009,5.0), (2010,4.0), (2007,5.0), (2012,5.0), (2011,5.0)])
(B0000DG4NJ,[(2011,4.0), (2012,2.0), (2007,5.0), (2010,5.0)])
(B0000DG4NK,[(2011,4.0), (2005,4.0), (2006,5.0), (2012,4.0)])
(B0000DG53S,[(2007,5.0)])
(B0000DG553,[(2006,4.0)])
(B0000DG554,[(2010,1.0)])
(B0000DG55B,[(2006,5.0), (2011,4.0)])
(B0000DG55K,[(2011,5.0)])
(B0000DG55L,[(2006,4.0)])
(B0000DG55M,[(2011,5.0), (2012,5.0), (2006,5.0)])
(B0000DG55P,[(2011,5.0), (2012,5.0), (2003,5.0), (2004,5.0)])
(B0000DG55U,[(2010,5.0), (2012,5.0), (2007,4.0)])
(B0000DG55X,[(2010,4.0)])
(B0000DG560,[(2012,5.0)])
(B0000DG563,[(2007,5.0)])
(B0000DG566,[(2010,5.0), (2012,5.0), (2011,4.0), (2009,5.0), (2006,5.0)])
(B0000DG56A,[(2011,4.0)])
(B0000DG56C,[(2012,2.0), (2004,5.0), (2009,3.0)])
(B0000DG56I,[(2011,4.0)])
(B0000DG56O,[(2010,5.0), (2011,5.0)])
(B0000DG56P,[(2009,5.0), (2012,4.0), (2005,5.0), (2010,5.0), (2006,3.0), (2004,5.0), (2007,5.0)])
(B0000DG573,[(2012,5.0), (2010,1.0)])
(B0000DG57K,[(2006,5.0), (2011,5.0)])
(B0000DG57P,[(2012,5.0)])
(B0000DG57Q,[(2004,5.0)])
(B0000DG57V,[(2012,4.0), (2010,5.0), (2011,4.0)])
(B0000DG57Y,[(2009,5.0)])
(B0000DG57Z,[(2009,5.0)])
(B0000DG586,[(2008,5.0), (2006,5.0), (2012,3.0), (2005,4.0), (2010,4.0)])
(B0000DG58C,[(2012,5.0)])
(B0000DG58Q,[(2004,5.0)])
(B0000DG58S,[(2011,5.0), (2004,4.0)])
(B0000DG58T,[(2011,4.0), (2010,5.0)])
(B0000DG58W,[(2011,5.0)])
(B0000DG596,[(2011,4.0), (2012,4.0), (2004,5.0)])
(B0000DG59Q,[(2010,5.0), (2006,1.0), (2007,5.0)])
(B0000DG5A8,[(2010,3.0), (2005,5.0), (2012,3.0), (2011,2.0)])
(B0000DG5AA,[(2011,5.0)])
(B0000DG5AE,[(2006,5.0)])
(B0000DG5AG,[(2009,5.0)])
(B0000DG5AI,[(2012,5.0)])
(B0000DG5AN,[(2009,5.0), (2010,5.0), (2012,5.0), (2007,5.0), (2011,5.0)])
(B0000DG5AO,[(2006,5.0), (2010,5.0), (2012,5.0)])
(B0000DG5AP,[(2012,5.0), (2011,4.0)])
(B0000DG5AQ,[(2011,5.0)])
(B0000DG5AX,[(2004,2.0)])
(B0000DG5AZ,[(2006,5.0)])
(B0000DG5B2,[(2011,5.0)])
(B0000DG5B4,[(2008,5.0)])
(B0000DG5B5,[(2006,5.0)])
(B0000DG5B6,[(2003,5.0)])
(B0000DG5BN,[(2012,2.0)])
(B0000DG5BO,[(2011,5.0), (2012,5.0)])
(B0000DG5BP,[(2004,5.0)])
(B0000DG5BV,[(2012,5.0)])
(B0000DG5CD,[(2005,2.0), (2011,5.0), (2006,1.0)])
(B0000DG5CH,[(2004,5.0)])
(B0000DG5EC,[(2003,5.0)])
(B0000DG5EE,[(2011,5.0)])
(B0000DG5EL,[(2006,4.0), (2010,5.0)])
(B0000DG5G3,[(2003,5.0)])
(B0000DG6WJ,[(2007,3.0)])
(B0000DG6WN,[(2004,5.0)])
(B0000DG6XV,[(2012,5.0), (2011,5.0), (2010,5.0)])
(B0000DG6XY,[(2008,5.0), (2003,3.0)])
(B0000DG6Y0,[(2012,1.0), (2011,5.0), (2008,4.0)])
(B0000DG6Y8,[(2010,5.0)])
(B0000DG6ZI,[(2007,5.0), (2012,5.0)])
(B0000DG6ZO,[(2008,5.0)])
(B0000DG70G,[(2006,5.0)])
(B0000DG718,[(2007,5.0), (2006,1.0)])
(B0000DG71F,[(2011,4.0)])
(B0000DG71N,[(2008,4.0), (2007,5.0), (2011,5.0)])
(B0000DG71O,[(2008,4.0), (2011,5.0), (2007,5.0)])
(B0000DG71V,[(2011,5.0), (2009,5.0), (2010,5.0), (2012,4.0), (2007,5.0)])
(B0000DG727,[(2010,5.0)])
(B0000DG72J,[(2007,5.0)])
(B0000DG72M,[(2010,5.0)])
(B0000DG72N,[(2010,5.0)])
(B0000DG72O,[(2010,5.0)])
(B0000DG72R,[(2012,5.0), (2006,5.0), (2004,4.0), (2008,5.0), (2009,2.0), (2011,1.0)])
(B0000DG72T,[(2006,5.0), (2009,2.0), (2008,5.0), (2011,1.0), (2004,4.0), (2012,5.0)])
(B0000DG72U,[(2004,4.0), (2012,5.0), (2008,5.0), (2011,1.0), (2006,5.0), (2009,2.0)])
(B0000DG733,[(2012,5.0)])
(B0000DG734,[(2012,5.0)])
(B0000DG86W,[(2008,5.0), (2010,3.0), (2009,4.0), (2011,5.0), (2012,4.0)])
(B0000DG86X,[(2012,3.0), (2010,1.0)])
(B0000DG87B,[(2004,5.0), (2003,5.0)])
(B0000DG8AR,[(2009,4.0), (2006,2.0), (2012,1.0), (2005,5.0), (2011,4.0), (2007,2.0), (2010,3.0)])
(B0000DGD48,[(2005,1.0), (2009,1.0), (2010,1.0)])
(B0000DGD4G,[(2010,3.0)])
(B0000DGDLI,[(2012,5.0)])
(B0000DGDMO,[(2009,1.0), (2010,5.0), (2012,2.0), (2011,2.0)])
(B0000DGDPF,[(2010,5.0), (2012,1.0), (2011,5.0)])
(B0000DGDPK,[(2011,1.0)])
(B0000DGF5S,[(2005,3.0), (2012,3.0), (2009,3.0), (2007,3.0), (2011,5.0), (2006,2.0), (2004,5.0), (2010,4.0)])
(B0000DGF5W,[(2006,5.0)])
(B0000DGF9T,[(2010,5.0), (2012,5.0), (2009,1.0)])
(B0000DGF9V,[(2007,3.0), (2012,3.0), (2008,4.0), (2009,4.0), (2005,4.0), (2010,3.0), (2011,4.0), (2006,4.0)])
(B0000DGF9Y,[(2011,1.0)])
(B0000DGFA9,[(2009,1.0), (2012,4.0), (2007,4.0), (2008,4.0), (2006,4.0), (2010,3.0)])
(B0000DGFAB,[(2011,1.0), (2009,4.0), (2005,4.0), (2006,5.0), (2007,1.0), (2010,5.0)])
(B0000DGFAC,[(2005,5.0), (2007,3.0), (2004,2.0), (2011,4.0), (2010,2.0), (2012,5.0), (2008,4.0), (2006,1.0), (2009,2.0)])
(B0000DGFCL,[(2006,4.0), (2010,2.0), (2011,1.0), (2008,2.0), (2005,5.0)])
(B0000DGFCO,[(2009,5.0), (2006,2.0), (2005,4.0), (2010,4.0), (2011,3.0), (2012,3.0)])
(B0000DGFCP,[(2011,3.0), (2009,4.0), (2010,3.0)])
(B0000DGFCS,[(2011,2.0)])
(B0000DGG1U,[(2009,5.0), (2012,4.0), (2007,3.0), (2008,4.0), (2011,4.0), (2010,4.0), (2004,5.0), (2006,5.0)])
(B0000DGG1V,[(2006,1.0), (2008,2.0), (2012,3.0), (2011,3.0), (2010,5.0)])
(B0000DGG22,[(2009,4.0), (2011,2.0), (2010,2.0), (2008,5.0), (2012,3.0)])
(B0000DGG4X,[(2006,5.0), (2012,5.0), (2008,4.0)])
(B0000DGG4Y,[(2008,4.0), (2011,1.0), (2012,5.0)])
(B0000DGG51,[(2009,2.0), (2012,5.0)])
(B0000DGG8B,[(2010,4.0), (2008,3.0), (2011,3.0), (2006,4.0), (2012,1.0)])
(B0000DGG8D,[(2009,2.0), (2012,5.0), (2007,3.0), (2010,2.0), (2011,1.0), (2008,2.0)])
(B0000DGGMQ,[(2011,4.0), (2012,5.0), (2010,4.0), (2009,2.0)])
(B0000DGR95,[(2005,5.0)])
(B0000DHWZH,[(2005,1.0), (2003,5.0)])
(B0000DHX79,[(2007,4.0), (2011,5.0)])
(B0000DHXGI,[(2012,5.0)])
(B0000DHXGR,[(2007,5.0)])
(B0000DHZ27,[(2011,1.0)])
(B0000DHZ3W,[(2007,5.0)])
(B0000DHZ82,[(2010,5.0), (2004,4.0)])
(B0000DHZT8,[(2007,5.0)])
(B0000DHZY1,[(2003,2.0)])
(B0000DI06P,[(2012,5.0), (2011,5.0)])
(B0000DI08W,[(2007,5.0)])
(B0000DI0GG,[(2009,5.0)])
(B0000DI0KA,[(2007,5.0), (2011,1.0)])
(B0000DI1E8,[(2011,5.0)])
(B0000DI1EC,[(2012,4.0)])
(B0000DID47,[(2007,4.0)])
(B0000DID48,[(2005,5.0)])
(B0000DID5Q,[(2008,4.0), (2012,4.0), (2009,5.0), (2010,5.0)])
(B0000DID5R,[(2004,4.0), (2005,5.0), (2009,4.0), (2012,4.0), (2010,4.0), (2011,4.0), (2007,3.0), (2008,4.0)])
(B0000DID5S,[(2012,5.0)])
(B0000DID5T,[(2009,5.0), (2007,5.0), (2011,4.0)])
(B0000DID5V,[(2011,3.0), (2012,5.0), (2010,4.0)])
(B0000DID5X,[(2007,5.0), (2010,5.0)])
(B0000DID5Z,[(2007,5.0), (2011,4.0)])
(B0000DID60,[(2012,5.0), (2008,5.0)])
(B0000DID61,[(2012,2.0), (2011,4.0), (2007,5.0)])
(B0000DID63,[(2011,5.0)])
(B0000DID6A,[(2009,2.0)])
(B0000DID6J,[(2012,4.0), (2009,5.0), (2006,1.0), (2010,5.0)])
(B0000DID6R,[(2012,4.0), (2007,5.0)])
(B0000DID6T,[(2011,4.0), (2012,3.0)])
(B0000DID76,[(2011,3.0), (2007,5.0)])
(B0000DID77,[(2012,1.0)])
(B0000DID78,[(2010,5.0), (2009,5.0)])
(B0000DIEIU,[(2006,4.0)])
(B0000DIEJ0,[(2009,5.0), (2012,5.0)])
(B0000DIEJ1,[(2010,5.0)])
(B0000DIPJA,[(2004,5.0), (2006,3.0)])
(B0000DIPJC,[(2007,4.0), (2012,4.0)])
(B0000DIRZS,[(2010,5.0)])
(B0000DISUX,[(2012,3.0), (2008,5.0)])
(B0000DISUY,[(2008,5.0)])
(B0000DISV2,[(2011,1.0), (2008,5.0), (2007,5.0)])
(B0000DISV5,[(2012,4.0), (2010,5.0)])
(B0000DISV6,[(2008,5.0), (2010,2.0), (2005,2.0), (2009,1.0), (2012,5.0)])
(B0000DISV7,[(2010,5.0), (2007,4.0), (2012,5.0)])
(B0000DIVU7,[(2007,5.0), (2012,3.0)])
(B0000DIVUE,[(2004,4.0)])
(B0000DIVUR,[(2003,5.0)])
(B0000DIVVC,[(2007,3.0)])
(B0000DIVVK,[(2007,3.0)])
(B0000DIVVO,[(2007,3.0)])
(B0000DIWQ4,[(2012,5.0)])
(B0000DIWR3,[(2009,5.0), (2012,5.0), (2010,5.0)])
(B0000DIWWD,[(2005,5.0), (2012,4.0), (2011,4.0)])
(B0000DIWWE,[(2012,5.0), (2011,5.0)])
(B0000DIX2M,[(2012,4.0), (2007,5.0), (2011,5.0), (2008,5.0)])
(B0000DIX2N,[(2004,5.0), (2012,4.0)])
(B0000DIX2R,[(2007,5.0), (2011,4.0), (2012,2.0), (2004,5.0), (2010,4.0)])
(B0000DIX2U,[(2011,5.0), (2012,2.0)])
(B0000DIXKS,[(2006,2.0), (2011,3.0)])
(B0000DIXKU,[(2011,2.0), (2010,4.0), (2006,5.0), (2007,3.0), (2008,3.0), (2012,4.0)])
(B0000DIXL4,[(2008,2.0)])
(B0000DIYHQ,[(2006,5.0)])
(B0000DIYHV,[(2007,5.0), (2012,4.0)])
(B0000DIYHW,[(2005,5.0), (2011,1.0), (2006,5.0), (2009,5.0)])
(B0000DIYHY,[(2005,4.0), (2003,4.0), (2011,5.0)])
(B0000DIYI1,[(2010,1.0)])
(B0000DIYIC,[(2005,5.0)])
(B0000DIYIH,[(2009,4.0), (2012,4.0)])
(B0000DIYII,[(2005,5.0), (2009,3.0)])
(B0000DIYIJ,[(2003,4.0), (2012,5.0)])
(B0000DIYIN,[(2006,5.0)])
(B0000DIYK0,[(2010,5.0), (2012,5.0), (2009,5.0), (2011,5.0), (2007,4.0), (2004,4.0)])
(B0000DIYK2,[(2007,4.0), (2009,5.0)])
(B0000DIYK3,[(2011,5.0)])
(B0000DIYK4,[(2010,5.0)])
(B0000DIYKD,[(2004,3.0), (2005,4.0), (2010,5.0), (2007,4.0), (2003,5.0), (2008,4.0), (2011,5.0)])
(B0000DIYKE,[(2011,4.0), (2007,5.0), (2010,5.0), (2006,5.0), (2009,5.0)])
(B0000DIYKF,[(2007,1.0)])
(B0000DIYU6,[(2007,5.0)])
(B0000DIYUA,[(2012,4.0)])
(B0000DIYUK,[(2003,4.0)])
(B0000DIYUV,[(2012,5.0)])
(B0000DIYUZ,[(2010,4.0), (2007,5.0), (2012,5.0)])
(B0000DIYVM,[(2005,5.0), (2011,1.0), (2009,5.0)])
(B0000DIYW9,[(2003,5.0), (2005,5.0)])
(B0000DIYWO,[(2009,5.0)])
(B0000DIYWZ,[(2009,5.0)])
(B0000DIYX3,[(2008,1.0)])
(B0000DIZ6N,[(2004,5.0), (2003,5.0)])
(B0000DJ4BQ,[(2012,3.0)])
(B0000DJ6NG,[(2012,3.0), (2008,5.0), (2011,4.0), (2010,3.0)])
(B0000DJ6NH,[(2009,5.0), (2011,5.0), (2005,5.0), (2007,1.0)])
(B0000DJ6NI,[(2004,5.0), (2009,4.0)])
(B0000DJ7RJ,[(2007,5.0), (2009,5.0)])
(B0000DJ7RX,[(2004,4.0), (2011,4.0), (2012,4.0), (2006,4.0), (2008,3.0), (2007,4.0), (2010,4.0)])
(B0000DJ7SA,[(2008,5.0)])
(B0000DJ7SD,[(2008,2.0), (2007,3.0), (2012,1.0), (2010,2.0), (2009,3.0), (2011,4.0)])
(B0000DJ7SJ,[(2006,2.0)])
(B0000DJ7SP,[(2009,2.0)])
(B0000DJ7SR,[(2004,4.0), (2006,4.0), (2011,4.0), (2007,4.0), (2012,4.0), (2008,3.0), (2010,4.0)])
(B0000DJ7SW,[(2010,5.0), (2007,5.0), (2011,5.0), (2009,5.0), (2012,4.0)])
(B0000DJ7SX,[(2010,5.0), (2011,5.0)])
(B0000DJ7TL,[(2012,4.0), (2006,4.0), (2010,4.0), (2008,3.0), (2004,4.0), (2007,4.0), (2011,4.0)])
(B0000DJ7U0,[(2006,3.0)])
(B0000DJ7UH,[(2008,1.0), (2012,3.0), (2007,4.0)])
(B0000DJ7UL,[(2006,1.0)])
(B0000DJ7WI,[(2011,2.0), (2003,1.0), (2006,5.0)])
(B0000DJ7Y8,[(2011,5.0), (2005,4.0)])
(B0000DJ7YR,[(2011,5.0), (2008,5.0), (2010,5.0), (2007,4.0)])
(B0000DJ7YT,[(2008,2.0), (2007,3.0), (2012,1.0), (2011,4.0), (2010,2.0), (2009,3.0)])
(B0000DJ7YW,[(2011,5.0), (2008,5.0), (2007,4.0), (2010,5.0)])
(B0000DJ7Z6,[(2009,5.0), (2011,5.0), (2007,5.0), (2010,5.0), (2012,4.0)])
(B0000DJ7ZA,[(2007,4.0)])
(B0000DJ803,[(2007,4.0)])
(B0000DJ80M,[(2007,4.0)])
(B0000DJ80Q,[(2007,4.0)])
(B0000DJ814,[(2006,2.0)])
(B0000DJ83F,[(2011,5.0), (2010,5.0)])
(B0000DJ878,[(2005,4.0), (2011,5.0)])
(B0000DJ87O,[(2012,2.0)])
(B0000DJ87Q,[(2012,2.0)])
(B0000DJ88P,[(2007,4.0)])
(B0000DJ88R,[(2007,4.0)])
(B0000DJ89S,[(2004,5.0), (2007,3.0), (2008,5.0)])
(B0000DJ89V,[(2009,1.0), (2006,5.0), (2012,2.0), (2010,4.0), (2011,3.0), (2007,3.0), (2008,3.0)])
(B0000DJ8BQ,[(2010,1.0)])
(B0000DJ8BW,[(2012,1.0), (2011,4.0), (2007,3.0), (2010,2.0), (2008,2.0), (2009,3.0)])
(B0000DJ9LW,[(2004,5.0), (2011,5.0), (2009,5.0)])
(B0000DJDHK,[(2012,2.0), (2011,5.0), (2007,4.0), (2008,5.0)])
(B0000DJDHN,[(2011,4.0), (2010,1.0), (2008,5.0), (2012,1.0), (2009,4.0)])
(B0000DJDJR,[(2008,2.0), (2005,5.0), (2003,5.0)])
(B0000DJDJZ,[(2010,3.0), (2009,4.0), (2004,5.0), (2007,5.0), (2005,4.0), (2006,5.0), (2012,3.0), (2011,4.0), (2008,5.0)])
(B0000DJDL4,[(2003,5.0), (2010,5.0), (2008,5.0), (2012,2.0), (2009,5.0), (2004,5.0)])
(B0000DJT1J,[(2004,5.0)])
(B0000DJT2U,[(2007,5.0)])
(B0000DJT38,[(2004,5.0), (2008,5.0), (2009,5.0)])
(B0000DJT3C,[(2010,5.0), (2012,3.0), (2004,5.0), (2009,5.0), (2011,4.0)])
(B0000DJYWR,[(2009,5.0)])
(B0000DK4CR,[(2012,1.0)])
(B0000DK4G4,[(2008,5.0), (2011,4.0)])
(B0000DK4ZR,[(2012,5.0), (2010,5.0), (2008,5.0), (2009,5.0), (2011,4.0)])
(B0000DK56B,[(2012,4.0)])
(B0000DK59A,[(2007,5.0)])
(B0000DK5EO,[(2012,3.0)])
(B0000DK63L,[(2012,5.0)])
(B0000DK6UV,[(2011,4.0)])
(B0000DK8Q2,[(2012,5.0)])
(B0000DK8R8,[(2012,1.0)])
(B0000DK9JK,[(2011,5.0)])
(B0000DKQ59,[(2010,4.0), (2012,2.0), (2009,5.0), (2011,2.0)])
(B0000DNS4J,[(2004,1.0)])
(B0000DYD91,[(2012,5.0), (2011,5.0)])
(B0000DYGAF,[(2009,5.0), (2007,5.0)])
(B0000DYTDP,[(2007,5.0), (2010,2.0)])
(B0000DYVLY,[(2004,5.0)])
(B0000DYVMJ,[(2010,2.0), (2007,5.0), (2012,2.0), (2008,5.0)])
(B0000DYZCG,[(2003,5.0)])
(B0000DZ0Q3,[(2007,4.0)])
(B0000DZ0Q4,[(2006,5.0)])
(B0000DZEV2,[(2005,5.0)])
(B0000DZEYP,[(2006,3.0)])
(B0000DZLTY,[(2006,2.0)])
(B0000E1VNV,[(2011,5.0), (2010,5.0), (2008,5.0)])
(B0000E1VUG,[(2012,5.0)])
(B0000E21VX,[(2005,4.0), (2007,2.0)])
(B0000E21YT,[(2004,5.0), (2006,3.0)])
(B0000E223C,[(2007,5.0)])
(B0000E224C,[(2012,2.0), (2007,5.0)])
(B0000E224H,[(2004,4.0)])
(B0000E227M,[(2004,5.0)])
(B0000E2EOT,[(2012,3.0)])
(B0000E2EOU,[(2008,5.0)])
(B0000E2EOV,[(2005,4.0)])
(B0000E2EP0,[(2011,1.0)])
(B0000E2EP4,[(2007,5.0), (2011,1.0), (2012,3.0)])
(B0000E2PX6,[(2012,4.0), (2009,5.0), (2010,5.0), (2011,4.0)])
(B0000E2RIA,[(2006,5.0), (2008,5.0), (2011,5.0), (2010,5.0), (2005,4.0)])
(B0000E2RIC,[(2011,4.0)])
(B0000E2RMR,[(2009,5.0), (2011,5.0), (2010,4.0)])
(B0000E2T5X,[(2011,5.0)])
(B0000E2T5Y,[(2012,3.0)])
(B0000E2T61,[(2012,2.0)])
(B0000E2T62,[(2007,2.0), (2008,3.0), (2011,1.0)])
(B0000E2T63,[(2012,5.0)])
(B0000E2T64,[(2008,5.0), (2007,5.0)])
(B0000E2T68,[(2012,5.0)])
(B0000E2T6F,[(2007,5.0)])
(B0000E2T6H,[(2007,4.0)])
(B0000E2T6K,[(2007,4.0)])
(B0000E2T6R,[(2012,5.0)])
(B0000E2Y69,[(2004,5.0)])
(B0000E2Y9F,[(2007,5.0), (2005,3.0)])
(B0000E2Y9J,[(2011,5.0), (2010,5.0)])
(B0000E2Y9M,[(2008,2.0)])
(B0000E2Y9S,[(2005,5.0), (2006,2.0), (2004,5.0), (2009,1.0)])
(B0000E2Y9T,[(2004,5.0)])
(B0000E2Y9V,[(2009,5.0), (2011,3.0)])
(B0000E2Y9W,[(2005,5.0)])
(B0000E2YA0,[(2008,3.0), (2005,5.0)])
(B0000E2YA1,[(2008,4.0), (2009,5.0)])
(B0000E2YEW,[(2011,5.0)])
(B0000E2YFI,[(2010,5.0), (2012,4.0)])
(B0000E2YFL,[(2011,5.0)])
(B0000E2YFN,[(2011,5.0)])
(B0000E2YFO,[(2007,3.0)])
(B0000E2YFV,[(2003,5.0)])
(B0000E3QK7,[(2011,4.0)])
(B0000E3QKU,[(2010,5.0)])
(B0000E5IGD,[(2003,4.0)])
(B0000E5IHG,[(2005,4.0), (2007,5.0)])
(B0000E5IHU,[(2006,2.0), (2004,4.0), (2007,4.0)])
(B0000E5IN5,[(2006,5.0), (2012,5.0), (2010,4.0), (2005,5.0), (2011,5.0)])
(B0000E5JI4,[(2010,5.0)])
(B0000E5JJ0,[(2005,5.0), (2010,5.0)])
(B0000E5JKO,[(2012,5.0)])
(B0000E5JMX,[(2012,2.0)])
(B0000E5JOT,[(2012,1.0)])
(B0000E5JP6,[(2005,5.0), (2012,5.0)])
(B0000E5JQ1,[(2012,5.0), (2011,5.0)])
(B0000E5JQK,[(2005,5.0)])
(B0000E5JQV,[(2005,4.0), (2010,5.0)])
(B0000E5JQY,[(2010,5.0)])
(B0000E5JR0,[(2010,5.0), (2012,2.0)])
(B0000E5JRW,[(2004,5.0), (2003,5.0)])
(B0000E5KZG,[(2005,5.0)])
(B0000E5L18,[(2005,5.0)])
(B0000E5L20,[(2012,5.0), (2006,4.0), (2011,5.0)])
(B0000E5L3E,[(2005,3.0)])
(B0000E5M9Q,[(2008,2.0)])
(B0000E5M9S,[(2007,5.0)])
(B0000E65W9,[(2010,5.0), (2011,5.0)])
(B0000E65WB,[(2010,5.0), (2003,5.0)])
(B0000E65WC,[(2009,5.0)])
(B0000E65WE,[(2012,5.0), (2011,5.0), (2009,5.0)])
(B0000E65WG,[(2010,5.0)])
(B0000E65WH,[(2008,5.0), (2011,5.0), (2012,5.0)])
(B0000E65WO,[(2011,4.0), (2010,5.0), (2012,5.0)])
(B0000E65WP,[(2010,5.0)])
(B0000E6GZP,[(2011,5.0), (2007,5.0)])
(B0000E6GZR,[(2012,4.0), (2008,5.0), (2010,5.0), (2011,1.0), (2009,5.0)])
(B0000E6GZT,[(2009,4.0), (2011,2.0)])
(B0000E6GZU,[(2009,3.0), (2008,5.0)])
(B0000E6GZY,[(2011,3.0), (2008,5.0), (2012,5.0), (2010,5.0)])
(B0000E6H03,[(2007,5.0), (2011,3.0)])
(B0000E6H05,[(2008,4.0)])
(B0000E6H07,[(2012,5.0), (2007,5.0), (2010,5.0)])
(B0000E6H09,[(2009,4.0)])
(B0000E6I02,[(2005,4.0), (2006,4.0), (2003,5.0), (2007,4.0)])
(B0000E6I9R,[(2004,4.0)])
(B0000E6NLW,[(2012,5.0)])
(B0000E6NLZ,[(2006,1.0)])
(B0000E6NM9,[(2005,4.0), (2007,4.0), (2009,1.0)])
(B0000E6NMH,[(2012,5.0)])
(B0000E6NMK,[(2011,4.0)])
(B0000E6NMV,[(2010,2.0), (2007,5.0), (2008,4.0)])
(B0000E6NMW,[(2010,5.0)])
(B0000E6T2I,[(2007,5.0)])
(B0000E6T2K,[(2007,5.0)])
(B0000E6T2M,[(2007,5.0)])
(B0000E6T2N,[(2007,5.0)])
(B0000EIE2Z,[(2004,5.0)])
(B0000EIEDS,[(2010,5.0), (2005,5.0)])
(B0000EIEJA,[(2011,5.0)])
(B0000EIEQU,[(2007,5.0), (2010,5.0), (2011,5.0), (2003,5.0)])
(B0000EIETU,[(2006,4.0)])
(B0000EIEWO,[(2004,1.0)])
(B0000EIEXJ,[(2012,5.0)])
(B0000EIF38,[(2009,1.0)])
(B0000EJXKP,[(2011,5.0), (2012,5.0), (2008,5.0), (2007,5.0)])
(B0000EJXL2,[(2011,4.0), (2009,5.0)])
(B0000ESTGX,[(2007,5.0), (2011,4.0), (2012,4.0), (2008,5.0), (2009,5.0)])
(B0000ESTGY,[(2012,5.0), (2011,5.0), (2010,4.0), (2006,5.0), (2009,5.0)])
(B0000ESTH0,[(2008,4.0)])
(B0000ESTH3,[(2011,4.0)])
(B0000ESTH6,[(2007,5.0)])
(B0000ESWO0,[(2010,5.0)])
(B0000EWBAI,[(2012,5.0)])
(B0000EWQIA,[(2012,4.0)])
(B0000EWXQK,[(2011,5.0)])
(B0000EWY28,[(2012,1.0)])
(B0000EXHH4,[(2012,5.0)])
(B0000EYB2E,[(2011,3.0), (2010,5.0)])
(B0000EYB2Y,[(2012,5.0), (2011,5.0)])
(B0000EYK3E,[(2011,5.0), (2012,5.0), (2010,5.0)])
(B0000EZUN8,[(2007,5.0), (2009,5.0)])
(B0000EZUOC,[(2011,2.0), (2009,5.0), (2007,5.0)])
(B0000F2MNS,[(2005,5.0)])
(B0000FJS08,[(2009,5.0), (2011,5.0)])
(B0000FKBM2,[(2004,5.0)])
(B0000GATFK,[(2010,5.0)])
(B0000GG22E,[(2012,4.0)])
(B0000GG24C,[(2011,5.0)])
(B0000GG256,[(2007,2.0), (2006,5.0), (2012,4.0), (2011,3.0)])
(B0000GG25G,[(2010,3.0), (2012,5.0), (2008,5.0)])
(B0000GG25Q,[(2011,5.0)])
(B0000GGHMY,[(2009,5.0)])
(B0000GGHN8,[(2012,4.0), (2011,5.0)])
(B0000GGHNI,[(2012,5.0), (2006,4.0), (2009,4.0), (2011,1.0), (2010,5.0), (2008,5.0), (2005,5.0), (2003,5.0)])
(B0000GGHOC,[(2009,5.0)])
(B0000GGHOW,[(2011,5.0)])
(B0000GGHP6,[(2012,5.0)])
(B0000GGHPQ,[(2012,3.0)])
(B0000GGHQ0,[(2012,3.0)])
(B0000GGHQK,[(2012,2.0)])
(B0000GGHU6,[(2012,5.0), (2010,5.0), (2011,4.0)])
(B0000GGHVA,[(2004,5.0)])
(B0000GGHVU,[(2011,4.0), (2010,5.0), (2012,5.0)])
(B0000GGHW4,[(2010,5.0)])
(B0000GGHWO,[(2010,5.0)])
(B0000GGHX8,[(2007,5.0)])
(B0000GGHZQ,[(2008,4.0), (2010,5.0), (2007,5.0), (2005,5.0), (2009,4.0), (2011,5.0), (2012,5.0)])
(B0000GGI00,[(2009,5.0), (2012,5.0)])
(B0000GGI1E,[(2007,5.0)])
(B0000GGI1O,[(2009,5.0)])
(B0000GGI28,[(2011,5.0), (2012,1.0), (2007,5.0)])
(B0000GGI2I,[(2012,5.0), (2011,5.0)])
(B0000GGIFA,[(2007,5.0), (2011,5.0)])
(B0000GGIFK,[(2007,5.0), (2011,5.0)])
(B0000GGIG4,[(2007,5.0), (2006,5.0), (2010,1.0)])
(B0000GGIGO,[(2006,5.0)])
(B0000GGIHI,[(2011,5.0)])
(B0000GGQ9S,[(2006,5.0), (2009,3.0), (2011,3.0)])
(B0000GGQA2,[(2010,4.0), (2007,5.0), (2009,5.0)])
(B0000GGQBQ,[(2011,5.0)])
(B0000GGYZY,[(2005,5.0), (2008,5.0), (2011,5.0), (2007,5.0), (2006,5.0)])
(B0000GGZ08,[(2011,5.0), (2009,5.0)])
(B0000GGZ12,[(2012,2.0)])
(B0000GH6S8,[(2010,4.0)])
(B0000GH6TC,[(2012,4.0)])
(B0000GH6U6,[(2007,5.0), (2009,3.0), (2012,4.0), (2011,4.0)])
(B0000GH6UG,[(2010,5.0), (2004,4.0), (2012,2.0), (2005,5.0), (2007,5.0), (2011,4.0), (2006,2.0), (2008,5.0), (2009,3.0)])
(B0000GH6UQ,[(2008,3.0), (2011,4.0), (2007,4.0), (2012,3.0), (2009,5.0), (2004,5.0), (2005,5.0)])
(B0000GH6W4,[(2012,1.0)])
(B0000GH6WE,[(2010,5.0)])
(B0000GH6WY,[(2006,3.0), (2008,1.0)])
(B0000GH6XI,[(2010,5.0)])
(B0000GHEDA,[(2011,2.0)])
(B0000GHEEY,[(2012,5.0)])
(B0000GHEF8,[(2008,5.0), (2010,5.0)])
(B0000GHEGC,[(2012,3.0), (2009,5.0), (2011,5.0), (2010,4.0)])
(B0000GHNSG,[(2005,5.0)])
(B0000GHNSQ,[(2007,5.0), (2011,4.0), (2008,4.0), (2010,4.0), (2009,4.0), (2012,4.0)])
(B0000GHNT0,[(2008,5.0), (2011,4.0), (2010,5.0), (2007,5.0), (2006,5.0), (2009,5.0), (2012,4.0)])
(B0000GHNTA,[(2009,5.0), (2012,4.0), (2010,5.0)])
(B0000GHNTK,[(2009,4.0), (2011,4.0), (2012,4.0), (2010,4.0), (2008,4.0), (2007,5.0)])
(B0000GHNTU,[(2008,4.0), (2011,5.0), (2012,4.0), (2005,5.0), (2007,5.0), (2006,5.0)])
(B0000GHNU4,[(2005,3.0), (2009,4.0)])
(B0000GHNUE,[(2008,5.0), (2011,4.0), (2012,4.0), (2007,5.0), (2005,3.0), (2006,5.0), (2009,5.0), (2010,5.0)])
(B0000GHNUO,[(2012,4.0), (2009,3.0), (2011,5.0)])
(B0000GHNUY,[(2008,5.0), (2012,4.0), (2011,4.0), (2009,5.0), (2007,5.0), (2010,4.0)])
(B0000GHNV8,[(2010,4.0), (2009,2.0), (2008,5.0), (2011,5.0), (2012,4.0)])
(B0000GHNVI,[(2011,5.0), (2010,4.0), (2009,2.0), (2012,4.0), (2008,5.0)])
(B0000GHNVS,[(2011,5.0), (2008,5.0), (2012,4.0)])
(B0000GHNW2,[(2011,5.0), (2012,4.0), (2009,3.0)])
(B0000GHNWC,[(2008,5.0), (2012,4.0), (2011,5.0)])
(B0000GHNWM,[(2011,4.0), (2010,5.0), (2012,4.0), (2007,5.0)])
(B0000GHXSG,[(2011,4.0), (2012,4.0), (2007,5.0), (2010,5.0)])
(B0000GHXSQ,[(2007,5.0), (2011,4.0), (2010,5.0), (2012,4.0)])
(B0000GHXT0,[(2012,5.0), (2011,5.0)])
(B0000GHXTK,[(2012,5.0), (2009,4.0)])
(B0000GHXUO,[(2011,5.0)])
(B0000GHXUY,[(2010,5.0)])
(B0000GI3O4,[(2011,5.0)])
(B0000GIOP2,[(2009,3.0), (2005,5.0)])
(B0000GIOPW,[(2011,5.0), (2008,5.0), (2007,4.0)])
(B0000GIORA,[(2012,5.0), (2010,5.0), (2006,5.0)])